1111111011000000000000000
1111111011000011001100110
1111111011000110011001101
1111111011001001100110011
1111111011001100110011010
1111111011010000000000000
1111111011010011001100110
1111111011010110011001101
1111111011011001100110011
1111111011011100110011010
1111111011100000000000000
1111111011100011001100110
1111111011100110011001101
1111111011101001100110011
1111111011101100110011010
1111111011110000000000000
1111111011110011001100110
1111111011110110011001101
1111111011111001100110011
1111111011111100110011010
1111111100000000000000000
1111111100000011001100110
1111111100000110011001101
1111111100001001100110011
1111111100001100110011010
1111111100010000000000000
1111111100010011001100110
1111111100010110011001101
1111111100011001100110011
1111111100011100110011010
1111111100100000000000000
1111111100100011001100110
1111111100100110011001101
1111111100101001100110011
1111111100101100110011010
1111111100110000000000000
1111111100110011001100110
1111111100110110011001101
1111111100111001100110011
1111111100111100110011010
1111111101000000000000000
1111111101000011001100110
1111111101000110011001101
1111111101001001100110011
1111111101001100110011010
1111111101010000000000000
1111111101010011001100110
1111111101010110011001101
1111111101011001100110011
1111111101011100110011010
1111111101100000000000000
1111111101100011001100110
1111111101100110011001101
1111111101101001100110011
1111111101101100110011010
1111111101110000000000000
1111111101110011001100110
1111111101110110011001101
1111111101111001100110011
1111111101111100110011010
1111111110000000000000000
1111111110000011001100110
1111111110000110011001101
1111111110001001100110011
1111111110001100110011010
1111111110010000000000000
1111111110010011001100110
1111111110010110011001101
1111111110011001100110011
1111111110011100110011010
1111111110100000000000000
1111111110100011001100110
1111111110100110011001101
1111111110101001100110011
1111111110101100110011010
1111111110110000000000000
1111111110110011001100110
1111111110110110011001101
1111111110111001100110011
1111111110111100110011010
1111111111000000000000000
1111111111000011001100110
1111111111000110011001101
1111111111001001100110011
1111111111001100110011010
1111111111010000000000000
1111111111010011001100110
1111111111010110011001101
1111111111011001100110011
1111111111011100110011010
1111111111100000000000000
1111111111100011001100110
1111111111100110011001101
1111111111101001100110011
1111111111101100110011010
1111111111110000000000000
1111111111110011001100110
1111111111110110011001101
1111111111111001100110011
1111111111111100110011010
0000000000000000000000000
0000000000000011001100110
0000000000000110011001101
0000000000001001100110011
0000000000001100110011010
0000000000010000000000000
0000000000010011001100110
0000000000010110011001101
0000000000011001100110011
0000000000011100110011010
0000000000100000000000000
0000000000100011001100110
0000000000100110011001101
0000000000101001100110011
0000000000101100110011010
0000000000110000000000000
0000000000110011001100110
0000000000110110011001101
0000000000111001100110011
0000000000111100110011010
0000000001000000000000000
0000000001000011001100110
0000000001000110011001101
0000000001001001100110011
0000000001001100110011010
0000000001010000000000000
0000000001010011001100110
0000000001010110011001101
0000000001011001100110011
0000000001011100110011010
0000000001100000000000000
0000000001100011001100110
0000000001100110011001101
0000000001101001100110011
0000000001101100110011010
0000000001110000000000000
0000000001110011001100110
0000000001110110011001101
0000000001111001100110011
0000000001111100110011010
0000000010000000000000000
0000000010000011001100110
0000000010000110011001101
0000000010001001100110011
0000000010001100110011010
0000000010010000000000000
0000000010010011001100110
0000000010010110011001101
0000000010011001100110011
0000000010011100110011010
0000000010100000000000000
0000000010100011001100110
0000000010100110011001101
0000000010101001100110011
0000000010101100110011010
0000000010110000000000000
0000000010110011001100110
0000000010110110011001101
0000000010111001100110011
0000000010111100110011010
0000000011000000000000000
0000000011000011001100110
0000000011000110011001101
0000000011001001100110011
0000000011001100110011010
0000000011010000000000000
0000000011010011001100110
0000000011010110011001101
0000000011011001100110011
0000000011011100110011010
0000000011100000000000000
0000000011100011001100110
0000000011100110011001101
0000000011101001100110011
0000000011101100110011010
0000000011110000000000000
0000000011110011001100110
0000000011110110011001101
0000000011111001100110011
0000000011111100110011010
0000000100000000000000000
0000000100000011001100110
0000000100000110011001101
0000000100001001100110011
0000000100001100110011010
0000000100010000000000000
0000000100010011001100110
0000000100010110011001101
0000000100011001100110011
0000000100011100110011010
0000000100100000000000000
0000000100100011001100110
0000000100100110011001101
0000000100101001100110011
0000000100101100110011010
0000000100110000000000000
0000000100110011001100110
0000000100110110011001101
0000000100111001100110011
0000000100111100110011010
