50.991516
0.169128
148.701416
495.031555
59.574341
3.567139
-0.000061
0.281494
-0.000061
468.495544
365.617310
36.986023
-0.000061
4.928345
0.773621
-0.000061
-8.341675
142.160278
301.324402
7.339905
3.126587
-5.853271
-0.000061
286.289246
1006.791199
0.229492
1.108826
0.000000
-5.778503
0.000183
480.002808
1023.620300
0.816711
34.706665
-6.373657
258.905334
100.237061
0.247437
815.591858
289.591858
-0.000061
0.001892
18.184509
133.582703
49.116699
0.000000
-5.194580
6.566467
99.205261
3.029785
0.001465
180.268799
829.013489
130.536377
0.000000
423.335754
1.115112
24.742859
-2.759094
272.802734
23.325623
97.773804
310.016663
-0.000061
-0.000061
-0.000061
-0.000061
603.660461
340.583313
18.932617
835.183472
0.928955
382.219177
827.974243
392.570679
-0.000061
-0.168335
0.001770
24.781433
875.077515
3.309692
20.161682
-1.567200
-0.000061
76.500671
380.160583
4.175598
6.490906
0.017151
771.178406
-0.000061
182.882935
997.214661
0.000000
7.831909
2.008606
660.652222
1.321899
463.289795
144.622437
-0.000061
125.329285
504.950378
57.433960
2.852478
-0.000061
3.222412
0.001099
239.810425
745.422241
180.519287
637.182007
238.371643
291.543396
10.986572
1.068420
756.062256
132.748718
629.498718
220.590698
73.666138
147.948120
0.151123
341.977600
2.632690
0.111938
0.000000
447.054321
3.215881
-0.000061
704.371216
353.491943
-0.000061
453.167725
3.014343
-0.000061
609.219116
3.267456
-0.000061
3.507996
0.653320
-0.000061
8.215881
0.859497
-0.000061
3.952332
0.692017
-0.000061
11.377747
3.232483
-0.000061
4.477966
2.103455
14.348694
9.522339
319.101318
-0.000061
321.973572
1.786743
-0.000061
14.268188
361.475403
6.914001
904.815247
332.435730
-0.000061
-0.000061
-0.000061
0.000000
0.714111
0.124512
0.000000
7.944153
112.351318
30.692627
407.367859
152.319519
894.445679
972.917542
344.445984
8.640381
617.984375
630.064209
223.447693
8.400879
606.968201
342.147156
0.328735
659.168335
193.662170
-0.000061
0.000488
-0.000061
0.001648
864.801086
293.033020
9.813477
0.486389
29.490295
0.469727
