-320.000000
-0.000061
-313.600037
-310.400024
-306.383728
-0.000061
-300.799988
-297.599731
-293.583740
-0.000061
-288.000000
-284.799683
-280.783752
-0.000061
-275.200012
-271.999695
-267.983704
-0.000061
-262.400024
-259.199707
-255.183716
-0.000061
-249.600037
-246.399719
-242.383728
-0.000061
-236.799988
-233.599731
-229.583740
-0.000061
-224.000000
-220.799683
-216.783752
-0.000061
-211.200012
-207.999695
-203.983704
-0.000061
-198.400024
-195.199707
-191.183716
-0.000061
-185.600037
-182.399719
-178.383728
-0.000061
-172.799988
-169.599731
-165.583740
-0.000061
-160.000000
-156.799683
-152.783752
-0.000061
-147.200012
-143.999695
-139.983704
-0.000061
-134.400024
-131.199707
-127.183716
-0.000061
-121.600037
-118.399719
-114.383728
-0.000061
-108.799988
-105.599731
-101.583740
-0.000061
-96.000000
-92.799683
-88.783752
-0.000061
-83.200012
-79.999695
-75.983704
-0.000061
-70.400024
-67.199707
-63.183716
-0.000061
-57.600037
-54.399719
-50.383728
-0.000061
-44.799988
-41.599731
-37.583740
-0.000061
-32.000000
-28.799683
-24.783752
-0.000061
-19.200012
-15.999695
-11.983704
-0.000061
-6.400024
-3.199707
0.816284
3.200012
6.399963
9.600281
12.799988
16.000000
19.200012
22.399963
25.599976
28.799988
32.000000
35.200012
38.399963
41.599976
44.799988
48.000000
51.200012
54.399963
57.599976
60.799988
64.000000
67.200012
70.399963
73.599976
76.799988
80.000000
83.200012
86.399963
89.599976
92.799988
96.000000
99.200012
102.399963
105.599976
108.799988
112.000000
115.200012
118.399963
121.599976
124.799988
128.000000
131.200012
134.399963
137.599976
140.799988
144.000000
147.200012
150.399963
153.599976
156.799988
160.000000
163.200012
166.399963
169.599976
172.799988
176.000000
179.200012
182.399963
185.599976
188.799988
192.000000
195.200012
198.399963
201.599976
204.799988
208.000000
211.200012
214.399963
217.599976
220.799988
224.000000
227.200012
230.399963
233.599976
236.799988
240.000000
243.200012
246.399963
249.599976
252.799988
256.000000
259.200012
262.399963
265.599976
268.799988
272.000000
275.200012
278.399963
281.599976
284.799988
288.000000
291.200012
294.399963
297.599976
300.799988
304.000000
307.200012
310.399963
313.599976
316.799988
