0000000000000000000000000
0000000000000000000001000
0000000000000000000010000
0000000000000000000011001
0000000000000000000100001
0000000000000000000101001
0000000000000000000110001
0000000000000000000111010
0000000000000000001000010
0000000000000000001001010
0000000000000000001010010
0000000000000000001011011
0000000000000000001100011
0000000000000000001101011
0000000000000000001110011
0000000000000000001111100
0000000000000000010000100
0000000000000000010001100
0000000000000000010010100
0000000000000000010011101
0000000000000000010100101
0000000000000000010101101
0000000000000000010110101
0000000000000000010111110
0000000000000000011000110
0000000000000000011001110
0000000000000000011010110
0000000000000000011011111
0000000000000000011100111
0000000000000000011101111
0000000000000000011110111
0000000000000000100000000
0000000000000000100001000
0000000000000000100010000
0000000000000000100011000
0000000000000000100100001
0000000000000000100101001
0000000000000000100110001
0000000000000000100111001
0000000000000000101000010
0000000000000000101001010
0000000000000000101010010
0000000000000000101011010
0000000000000000101100011
0000000000000000101101011
0000000000000000101110011
0000000000000000101111011
0000000000000000110000100
0000000000000000110001100
0000000000000000110010100
0000000000000000110011100
0000000000000000110100101
0000000000000000110101101
0000000000000000110110101
0000000000000000110111101
0000000000000000111000110
0000000000000000111001110
0000000000000000111010110
0000000000000000111011110
0000000000000000111100111
0000000000000000111101111
0000000000000000111110111
0000000000000000111111111
0000000000000001000001000
0000000000000001000010000
0000000000000001000011000
0000000000000001000100000
0000000000000001000101001
0000000000000001000110001
0000000000000001000111001
0000000000000001001000001
0000000000000001001001010
0000000000000001001010010
0000000000000001001011010
0000000000000001001100010
0000000000000001001101011
0000000000000001001110011
0000000000000001001111011
0000000000000001010000011
0000000000000001010001100
0000000000000001010010100
0000000000000001010011100
0000000000000001010100100
0000000000000001010101101
0000000000000001010110101
0000000000000001010111101
0000000000000001011000101
0000000000000001011001110
0000000000000001011010110
0000000000000001011011110
0000000000000001011100110
0000000000000001011101111
0000000000000001011110111
0000000000000001011111111
0000000000000001100000111
0000000000000001100010000
0000000000000001100011000
0000000000000001100100000
0000000000000001100101000
0000000000000001100110001
0000000000000001100111001
0000000000000001101000001
0000000000000001101001001
0000000000000001101010010
0000000000000001101011010
0000000000000001101100010
0000000000000001101101010
0000000000000001101110011
0000000000000001101111011
0000000000000001110000011
0000000000000001110001011
0000000000000001110010011
0000000000000001110011100
0000000000000001110100100
0000000000000001110101100
0000000000000001110110100
0000000000000001110111101
0000000000000001111000101
0000000000000001111001101
0000000000000001111010101
0000000000000001111011110
0000000000000001111100110
0000000000000001111101110
0000000000000001111110110
0000000000000001111111111
0000000000000010000000111
0000000000000010000001111
0000000000000010000010111
0000000000000010000100000
0000000000000010000101000
0000000000000010000110000
0000000000000010000111000
0000000000000010001000001
0000000000000010001001001
0000000000000010001010001
0000000000000010001011001
0000000000000010001100010
0000000000000010001101010
0000000000000010001110010
0000000000000010001111010
0000000000000010010000011
0000000000000010010001011
0000000000000010010010011
0000000000000010010011011
0000000000000010010100100
0000000000000010010101100
0000000000000010010110100
0000000000000010010111100
0000000000000010011000101
0000000000000010011001101
0000000000000010011010101
0000000000000010011011101
0000000000000010011100110
0000000000000010011101110
0000000000000010011110110
0000000000000010011111110
0000000000000010100000111
0000000000000010100001111
0000000000000010100010111
0000000000000010100011111
0000000000000010100101000
0000000000000010100110000
0000000000000010100111000
0000000000000010101000000
0000000000000010101001001
0000000000000010101010001
0000000000000010101011001
0000000000000010101100001
0000000000000010101101010
0000000000000010101110010
0000000000000010101111010
0000000000000010110000010
0000000000000010110001011
0000000000000010110010011
0000000000000010110011011
0000000000000010110100011
0000000000000010110101100
0000000000000010110110100
0000000000000010110111100
0000000000000010111000100
0000000000000010111001101
0000000000000010111010101
0000000000000010111011101
0000000000000010111100101
0000000000000010111101110
0000000000000010111110110
0000000000000010111111110
0000000000000011000000110
0000000000000011000001111
0000000000000011000010111
0000000000000011000011111
0000000000000011000100111
0000000000000011000110000
0000000000000011000111000
0000000000000011001000000
0000000000000011001001000
0000000000000011001010001
0000000000000011001011001
0000000000000011001100001
0000000000000011001101001
0000000000000011001110010
0000000000000011001111010
0000000000000011010000010
0000000000000011010001010
0000000000000011010010011
0000000000000011010011011
0000000000000011010100011
0000000000000011010101011
0000000000000011010110100
0000000000000011010111100
0000000000000011011000100
0000000000000011011001100
0000000000000011011010101
0000000000000011011011101
0000000000000011011100101
0000000000000011011101101
0000000000000011011110110
0000000000000011011111110
0000000000000011100000110
0000000000000011100001110
0000000000000011100010111
0000000000000011100011111
0000000000000011100100111
0000000000000011100101111
0000000000000011100110111
0000000000000011101000000
0000000000000011101001000
0000000000000011101010000
0000000000000011101011000
0000000000000011101100001
0000000000000011101101001
0000000000000011101110001
0000000000000011101111001
0000000000000011110000010
0000000000000011110001010
0000000000000011110010010
0000000000000011110011010
0000000000000011110100011
0000000000000011110101011
0000000000000011110110011
0000000000000011110111011
0000000000000011111000100
0000000000000011111001100
0000000000000011111010100
0000000000000011111011100
0000000000000011111100101
0000000000000011111101101
0000000000000011111110101
0000000000000011111111101
0000000000000100000000110
0000000000000100000001110
0000000000000100000010110
0000000000000100000011110
0000000000000100000100111
0000000000000100000101111
0000000000000100000110111
0000000000000100000111111
0000000000000100001001000
0000000000000100001010000
0000000000000100001011000
0000000000000100001100000
0000000000000100001101001
0000000000000100001110001
0000000000000100001111001
0000000000000100010000001
0000000000000100010001010
0000000000000100010010010
0000000000000100010011010
0000000000000100010100010
0000000000000100010101011
0000000000000100010110011
0000000000000100010111011
0000000000000100011000011
0000000000000100011001100
0000000000000100011010100
0000000000000100011011100
0000000000000100011100100
0000000000000100011101101
0000000000000100011110101
0000000000000100011111101
0000000000000100100000101
0000000000000100100001110
0000000000000100100010110
0000000000000100100011110
0000000000000100100100110
0000000000000100100101111
0000000000000100100110111
0000000000000100100111111
0000000000000100101000111
0000000000000100101010000
0000000000000100101011000
0000000000000100101100000
0000000000000100101101000
0000000000000100101110001
0000000000000100101111001
0000000000000100110000001
0000000000000100110001001
0000000000000100110010010
0000000000000100110011010
0000000000000100110100010
0000000000000100110101010
0000000000000100110110011
0000000000000100110111011
0000000000000100111000011
0000000000000100111001011
0000000000000100111010100
0000000000000100111011100
0000000000000100111100100
0000000000000100111101100
0000000000000100111110101
0000000000000100111111101
0000000000000101000000101
0000000000000101000001101
0000000000000101000010110
0000000000000101000011110
0000000000000101000100110
0000000000000101000101110
0000000000000101000110111
0000000000000101000111111
0000000000000101001000111
0000000000000101001001111
0000000000000101001011000
0000000000000101001100000
0000000000000101001101000
0000000000000101001110000
0000000000000101001111001
0000000000000101010000001
0000000000000101010001001
0000000000000101010010001
0000000000000101010011010
0000000000000101010100010
0000000000000101010101010
0000000000000101010110010
0000000000000101010111010
0000000000000101011000011
0000000000000101011001011
0000000000000101011010011
0000000000000101011011011
0000000000000101011100100
0000000000000101011101100
0000000000000101011110100
0000000000000101011111100
0000000000000101100000101
0000000000000101100001101
0000000000000101100010101
0000000000000101100011101
0000000000000101100100110
0000000000000101100101110
0000000000000101100110110
0000000000000101100111110
0000000000000101101000111
0000000000000101101001111
0000000000000101101010111
0000000000000101101011111
0000000000000101101101000
0000000000000101101110000
0000000000000101101111000
0000000000000101110000000
0000000000000101110001001
0000000000000101110010001
0000000000000101110011001
0000000000000101110100001
0000000000000101110101010
0000000000000101110110010
0000000000000101110111010
0000000000000101111000010
0000000000000101111001011
0000000000000101111010011
0000000000000101111011011
0000000000000101111100011
0000000000000101111101100
0000000000000101111110100
0000000000000101111111100
0000000000000110000000100
0000000000000110000001101
0000000000000110000010101
0000000000000110000011101
0000000000000110000100101
0000000000000110000101110
0000000000000110000110110
0000000000000110000111110
0000000000000110001000110
0000000000000110001001111
0000000000000110001010111
0000000000000110001011111
0000000000000110001100111
0000000000000110001110000
0000000000000110001111000
0000000000000110010000000
0000000000000110010001000
0000000000000110010010001
0000000000000110010011001
0000000000000110010100001
0000000000000110010101001
0000000000000110010110010
0000000000000110010111010
0000000000000110011000010
0000000000000110011001010
0000000000000110011010011
0000000000000110011011011
0000000000000110011100011
0000000000000110011101011
0000000000000110011110100
0000000000000110011111100
0000000000000110100000100
0000000000000110100001100
0000000000000110100010101
0000000000000110100011101
0000000000000110100100101
0000000000000110100101101
0000000000000110100110110
0000000000000110100111110
0000000000000110101000110
0000000000000110101001110
0000000000000110101010111
0000000000000110101011111
0000000000000110101100111
0000000000000110101101111
0000000000000110101111000
0000000000000110110000000
0000000000000110110001000
0000000000000110110010000
0000000000000110110011001
0000000000000110110100001
0000000000000110110101001
0000000000000110110110001
0000000000000110110111010
0000000000000110111000010
0000000000000110111001010
0000000000000110111010010
0000000000000110111011011
0000000000000110111100011
0000000000000110111101011
0000000000000110111110011
0000000000000110111111100
0000000000000111000000100
0000000000000111000001100
0000000000000111000010100
0000000000000111000011101
0000000000000111000100101
0000000000000111000101101
0000000000000111000110101
0000000000000111000111101
0000000000000111001000110
0000000000000111001001110
0000000000000111001010110
0000000000000111001011110
0000000000000111001100111
0000000000000111001101111
0000000000000111001110111
0000000000000111001111111
0000000000000111010001000
0000000000000111010010000
0000000000000111010011000
0000000000000111010100000
0000000000000111010101001
0000000000000111010110001
0000000000000111010111001
0000000000000111011000001
0000000000000111011001010
0000000000000111011010010
0000000000000111011011010
0000000000000111011100010
0000000000000111011101011
0000000000000111011110011
0000000000000111011111011
0000000000000111100000011
0000000000000111100001100
0000000000000111100010100
0000000000000111100011100
0000000000000111100100100
0000000000000111100101101
0000000000000111100110101
0000000000000111100111101
0000000000000111101000101
0000000000000111101001110
0000000000000111101010110
0000000000000111101011110
0000000000000111101100110
0000000000000111101101111
0000000000000111101110111
0000000000000111101111111
0000000000000111110000111
0000000000000111110010000
0000000000000111110011000
0000000000000111110100000
0000000000000111110101000
0000000000000111110110001
0000000000000111110111001
0000000000000111111000001
0000000000000111111001001
0000000000000111111010010
0000000000000111111011010
0000000000000111111100010
0000000000000111111101010
0000000000000111111110011
0000000000000111111111011
0000000000001000000000011
0000000000001000000001011
0000000000001000000010100
0000000000001000000011100
0000000000001000000100100
0000000000001000000101100
0000000000001000000110101
0000000000001000000111101
0000000000001000001000101
0000000000001000001001101
0000000000001000001010110
0000000000001000001011110
0000000000001000001100110
0000000000001000001101110
0000000000001000001110111
0000000000001000001111111
0000000000001000010000111
0000000000001000010001111
0000000000001000010011000
0000000000001000010100000
0000000000001000010101000
0000000000001000010110000
0000000000001000010111001
0000000000001000011000001
0000000000001000011001001
0000000000001000011010001
0000000000001000011011010
0000000000001000011100010
0000000000001000011101010
0000000000001000011110010
0000000000001000011111011
0000000000001000100000011
0000000000001000100001011
0000000000001000100010011
0000000000001000100011100
0000000000001000100100100
0000000000001000100101100
0000000000001000100110100
0000000000001000100111101
0000000000001000101000101
0000000000001000101001101
0000000000001000101010101
0000000000001000101011110
0000000000001000101100110
0000000000001000101101110
0000000000001000101110110
0000000000001000101111111
0000000000001000110000111
0000000000001000110001111
0000000000001000110010111
0000000000001000110100000
0000000000001000110101000
0000000000001000110110000
0000000000001000110111000
0000000000001000111000000
0000000000001000111001001
0000000000001000111010001
0000000000001000111011001
0000000000001000111100001
0000000000001000111101010
0000000000001000111110010
0000000000001000111111010
0000000000001001000000010
0000000000001001000001011
0000000000001001000010011
0000000000001001000011011
0000000000001001000100011
0000000000001001000101100
0000000000001001000110100
0000000000001001000111100
0000000000001001001000100
0000000000001001001001101
0000000000001001001010101
0000000000001001001011101
0000000000001001001100101
0000000000001001001101110
0000000000001001001110110
0000000000001001001111110
0000000000001001010000110
0000000000001001010001111
0000000000001001010010111
0000000000001001010011111
0000000000001001010100111
0000000000001001010110000
0000000000001001010111000
0000000000001001011000000
0000000000001001011001000
0000000000001001011010001
0000000000001001011011001
0000000000001001011100001
0000000000001001011101001
0000000000001001011110010
0000000000001001011111010
0000000000001001100000010
0000000000001001100001010
0000000000001001100010011
0000000000001001100011011
0000000000001001100100011
0000000000001001100101011
0000000000001001100110100
0000000000001001100111100
0000000000001001101000100
0000000000001001101001100
0000000000001001101010101
0000000000001001101011101
0000000000001001101100101
0000000000001001101101101
0000000000001001101110110
0000000000001001101111110
0000000000001001110000110
0000000000001001110001110
0000000000001001110010111
0000000000001001110011111
0000000000001001110100111
0000000000001001110101111
0000000000001001110111000
0000000000001001111000000
0000000000001001111001000
0000000000001001111010000
0000000000001001111011001
0000000000001001111100001
0000000000001001111101001
0000000000001001111110001
0000000000001001111111010
0000000000001010000000010
0000000000001010000001010
0000000000001010000010010
0000000000001010000011011
0000000000001010000100011
0000000000001010000101011
0000000000001010000110011
0000000000001010000111100
0000000000001010001000100
0000000000001010001001100
0000000000001010001010100
0000000000001010001011101
0000000000001010001100101
0000000000001010001101101
0000000000001010001110101
0000000000001010001111110
0000000000001010010000110
0000000000001010010001110
0000000000001010010010110
0000000000001010010011111
0000000000001010010100111
0000000000001010010101111
0000000000001010010110111
0000000000001010011000000
0000000000001010011001000
0000000000001010011010000
0000000000001010011011000
0000000000001010011100001
0000000000001010011101001
0000000000001010011110001
0000000000001010011111001
0000000000001010100000010
0000000000001010100001010
0000000000001010100010010
0000000000001010100011010
0000000000001010100100011
0000000000001010100101011
0000000000001010100110011
0000000000001010100111011
0000000000001010101000100
0000000000001010101001100
0000000000001010101010100
0000000000001010101011100
0000000000001010101100100
0000000000001010101101101
0000000000001010101110101
0000000000001010101111101
0000000000001010110000101
0000000000001010110001110
0000000000001010110010110
0000000000001010110011110
0000000000001010110100110
0000000000001010110101111
0000000000001010110110111
0000000000001010110111111
0000000000001010111000111
0000000000001010111010000
0000000000001010111011000
0000000000001010111100000
0000000000001010111101000
0000000000001010111110001
0000000000001010111111001
0000000000001011000000001
0000000000001011000001001
0000000000001011000010010
0000000000001011000011010
0000000000001011000100010
0000000000001011000101010
0000000000001011000110011
0000000000001011000111011
0000000000001011001000011
0000000000001011001001011
0000000000001011001010100
0000000000001011001011100
0000000000001011001100100
0000000000001011001101100
0000000000001011001110101
0000000000001011001111101
0000000000001011010000101
0000000000001011010001101
0000000000001011010010110
0000000000001011010011110
0000000000001011010100110
0000000000001011010101110
0000000000001011010110111
0000000000001011010111111
0000000000001011011000111
0000000000001011011001111
0000000000001011011011000
0000000000001011011100000
0000000000001011011101000
0000000000001011011110000
0000000000001011011111001
0000000000001011100000001
0000000000001011100001001
0000000000001011100010001
0000000000001011100011010
0000000000001011100100010
0000000000001011100101010
0000000000001011100110010
0000000000001011100111011
0000000000001011101000011
0000000000001011101001011
0000000000001011101010011
0000000000001011101011100
0000000000001011101100100
0000000000001011101101100
0000000000001011101110100
0000000000001011101111101
0000000000001011110000101
0000000000001011110001101
0000000000001011110010101
0000000000001011110011110
0000000000001011110100110
0000000000001011110101110
0000000000001011110110110
0000000000001011110111111
0000000000001011111000111
0000000000001011111001111
0000000000001011111010111
0000000000001011111100000
0000000000001011111101000
0000000000001011111110000
0000000000001011111111000
0000000000001100000000001
0000000000001100000001001
0000000000001100000010001
0000000000001100000011001
0000000000001100000100010
0000000000001100000101010
0000000000001100000110010
0000000000001100000111010
0000000000001100001000011
0000000000001100001001011
0000000000001100001010011
0000000000001100001011011
0000000000001100001100100
0000000000001100001101100
0000000000001100001110100
0000000000001100001111100
0000000000001100010000101
0000000000001100010001101
0000000000001100010010101
0000000000001100010011101
0000000000001100010100110
0000000000001100010101110
0000000000001100010110110
0000000000001100010111110
0000000000001100011000111
0000000000001100011001111
0000000000001100011010111
0000000000001100011011111
0000000000001100011100111
0000000000001100011110000
0000000000001100011111000
0000000000001100100000000
0000000000001100100001000
0000000000001100100010001
0000000000001100100011001
0000000000001100100100001
0000000000001100100101001
0000000000001100100110010
0000000000001100100111010
0000000000001100101000010
0000000000001100101001010
0000000000001100101010011
0000000000001100101011011
0000000000001100101100011
0000000000001100101101011
0000000000001100101110100
0000000000001100101111100
0000000000001100110000100
0000000000001100110001100
0000000000001100110010101
0000000000001100110011101
0000000000001100110100101
0000000000001100110101101
0000000000001100110110110
0000000000001100110111110
0000000000001100111000110
0000000000001100111001110
0000000000001100111010111
0000000000001100111011111
0000000000001100111100111
0000000000001100111101111
0000000000001100111111000
0000000000001101000000000
0000000000001101000001000
0000000000001101000010000
0000000000001101000011001
0000000000001101000100001
0000000000001101000101001
0000000000001101000110001
0000000000001101000111010
0000000000001101001000010
0000000000001101001001010
0000000000001101001010010
0000000000001101001011011
0000000000001101001100011
0000000000001101001101011
0000000000001101001110011
0000000000001101001111100
0000000000001101010000100
0000000000001101010001100
0000000000001101010010100
0000000000001101010011101
0000000000001101010100101
0000000000001101010101101
0000000000001101010110101
0000000000001101010111110
0000000000001101011000110
0000000000001101011001110
0000000000001101011010110
0000000000001101011011111
0000000000001101011100111
0000000000001101011101111
0000000000001101011110111
0000000000001101100000000
0000000000001101100001000
0000000000001101100010000
0000000000001101100011000
0000000000001101100100001
0000000000001101100101001
0000000000001101100110001
0000000000001101100111001
0000000000001101101000010
0000000000001101101001010
0000000000001101101010010
0000000000001101101011010
0000000000001101101100011
0000000000001101101101011
0000000000001101101110011
0000000000001101101111011
0000000000001101110000100
0000000000001101110001100
0000000000001101110010100
0000000000001101110011100
0000000000001101110100101
0000000000001101110101101
0000000000001101110110101
0000000000001101110111101
0000000000001101111000110
0000000000001101111001110
0000000000001101111010110
0000000000001101111011110
0000000000001101111100111
0000000000001101111101111
0000000000001101111110111
0000000000001101111111111
0000000000001110000001000
0000000000001110000010000
0000000000001110000011000
0000000000001110000100000
0000000000001110000101001
0000000000001110000110001
0000000000001110000111001
0000000000001110001000001
0000000000001110001001010
0000000000001110001010010
0000000000001110001011010
0000000000001110001100010
0000000000001110001101010
0000000000001110001110011
0000000000001110001111011
0000000000001110010000011
0000000000001110010001011
0000000000001110010010100
0000000000001110010011100
0000000000001110010100100
0000000000001110010101100
0000000000001110010110101
0000000000001110010111101
0000000000001110011000101
0000000000001110011001101
0000000000001110011010110
0000000000001110011011110
0000000000001110011100110
0000000000001110011101110
0000000000001110011110111
0000000000001110011111111
0000000000001110100000111
0000000000001110100001111
0000000000001110100011000
0000000000001110100100000
0000000000001110100101000
0000000000001110100110000
0000000000001110100111001
0000000000001110101000001
0000000000001110101001001
0000000000001110101010001
0000000000001110101011010
0000000000001110101100010
0000000000001110101101010
0000000000001110101110010
0000000000001110101111011
0000000000001110110000011
0000000000001110110001011
0000000000001110110010011
0000000000001110110011100
0000000000001110110100100
0000000000001110110101100
0000000000001110110110100
0000000000001110110111101
0000000000001110111000101
0000000000001110111001101
0000000000001110111010101
0000000000001110111011110
0000000000001110111100110
0000000000001110111101110
0000000000001110111110110
0000000000001110111111111
0000000000001111000000111
0000000000001111000001111
0000000000001111000010111
0000000000001111000100000
0000000000001111000101000
0000000000001111000110000
0000000000001111000111000
0000000000001111001000001
0000000000001111001001001
0000000000001111001010001
0000000000001111001011001
0000000000001111001100010
0000000000001111001101010
0000000000001111001110010
0000000000001111001111010
0000000000001111010000011
0000000000001111010001011
0000000000001111010010011
0000000000001111010011011
0000000000001111010100100
0000000000001111010101100
0000000000001111010110100
0000000000001111010111100
0000000000001111011000101
0000000000001111011001101
0000000000001111011010101
0000000000001111011011101
0000000000001111011100110
0000000000001111011101110
0000000000001111011110110
0000000000001111011111110
0000000000001111100000111
0000000000001111100001111
0000000000001111100010111
0000000000001111100011111
0000000000001111100101000
0000000000001111100110000
0000000000001111100111000
0000000000001111101000000
0000000000001111101001001
0000000000001111101010001
0000000000001111101011001
0000000000001111101100001
0000000000001111101101010
0000000000001111101110010
0000000000001111101111010
0000000000001111110000010
0000000000001111110001011
0000000000001111110010011
0000000000001111110011011
0000000000001111110100011
0000000000001111110101100
0000000000001111110110100
0000000000001111110111100
0000000000001111111000100
0000000000001111111001101
0000000000001111111010101
0000000000001111111011101
0000000000001111111100101
0000000000001111111101101
0000000000001111111110110
0000000000001111111111110
0000000000010000000000110
0000000000010000000001110
0000000000010000000010111
0000000000010000000011111
0000000000010000000100111
0000000000010000000101111
0000000000010000000111000
