0.000000
0.000000
0.000000
0.000061
0.000061
0.000061
0.000061
0.000061
0.000061
0.000122
0.000122
0.000122
0.000122
0.000122
0.000183
0.000183
0.000183
0.000183
0.000183
0.000244
0.000244
0.000244
0.000244
0.000244
0.000244
0.000305
0.000305
0.000305
0.000305
0.000305
0.000366
0.000366
0.000366
0.000366
0.000366
0.000427
0.000427
0.000427
0.000427
0.000427
0.000427
0.000488
0.000488
0.000488
0.000488
0.000488
0.000549
0.000549
0.000549
0.000549
0.000549
0.000549
0.000610
0.000610
0.000610
0.000610
0.000610
0.000671
0.000671
0.000671
0.000671
0.000671
0.000732
0.000732
0.000732
0.000732
0.000732
0.000732
0.000793
0.000793
0.000793
0.000793
0.000793
0.000854
0.000854
0.000854
0.000854
0.000854
0.000854
0.000916
0.000916
0.000916
0.000916
0.000916
0.000977
0.000977
0.000977
0.000977
0.000977
0.001038
0.001038
0.001038
0.001038
0.001038
0.001038
0.001099
0.001099
0.001099
0.001099
0.001099
0.001160
0.001160
0.001160
0.001160
0.001160
0.001221
0.001221
0.001221
0.001221
0.001221
0.001221
0.001282
0.001282
0.001282
0.001282
0.001282
0.001343
0.001343
0.001343
0.001343
0.001343
0.001343
0.001404
0.001404
0.001404
0.001404
0.001404
0.001465
0.001465
0.001465
0.001465
0.001465
0.001526
0.001526
0.001526
0.001526
0.001526
0.001526
0.001587
0.001587
0.001587
0.001587
0.001587
0.001648
0.001648
0.001648
0.001648
0.001648
0.001648
0.001709
0.001709
0.001709
0.001709
0.001709
0.001770
0.001770
0.001770
0.001770
0.001770
0.001831
0.001831
0.001831
0.001831
0.001831
0.001831
0.001892
0.001892
0.001892
0.001892
0.001892
0.001953
0.001953
0.001953
0.001953
0.001953
0.002014
0.002014
0.002014
0.002014
0.002014
0.002014
0.002075
0.002075
0.002075
0.002075
0.002075
0.002136
0.002136
0.002136
0.002136
0.002136
0.002136
0.002197
0.002197
0.002197
0.002197
0.002197
0.002258
0.002258
0.002258
0.002258
0.002258
0.002319
0.002319
0.002319
0.002319
0.002319
0.002319
0.002380
0.002380
0.002380
0.002380
0.002380
0.002441
0.002441
0.002441
0.002441
0.002441
0.002441
0.002502
0.002502
0.002502
0.002502
0.002502
0.002563
0.002563
0.002563
0.002563
0.002563
0.002625
0.002625
0.002625
0.002625
0.002625
0.002625
0.002686
0.002686
0.002686
0.002686
0.002686
0.002747
0.002747
0.002747
0.002747
0.002747
0.002808
0.002808
0.002808
0.002808
0.002808
0.002808
0.002869
0.002869
0.002869
0.002869
0.002869
0.002930
0.002930
0.002930
0.002930
0.002930
0.002930
0.002991
0.002991
0.002991
0.002991
0.002991
0.003052
0.003052
0.003052
0.003052
0.003052
0.003113
0.003113
0.003113
0.003113
0.003113
0.003113
0.003174
0.003174
0.003174
0.003174
0.003174
0.003235
0.003235
0.003235
0.003235
0.003235
0.003235
0.003296
0.003296
0.003296
0.003296
0.003296
0.003357
0.003357
0.003357
0.003357
0.003357
0.003418
0.003418
0.003418
0.003418
0.003418
0.003418
0.003479
0.003479
0.003479
0.003479
0.003479
0.003540
0.003540
0.003540
0.003540
0.003540
0.003601
0.003601
0.003601
0.003601
0.003601
0.003601
0.003662
0.003662
0.003662
0.003662
0.003662
0.003723
0.003723
0.003723
0.003723
0.003723
0.003723
0.003784
0.003784
0.003784
0.003784
0.003784
0.003845
0.003845
0.003845
0.003845
0.003845
0.003906
0.003906
0.003906
0.003906
0.003906
0.003906
0.003967
0.003967
0.003967
0.003967
0.003967
0.004028
0.004028
0.004028
0.004028
0.004028
0.004089
0.004089
0.004089
0.004089
0.004089
0.004089
0.004150
0.004150
0.004150
0.004150
0.004150
0.004211
0.004211
0.004211
0.004211
0.004211
0.004211
0.004272
0.004272
0.004272
0.004272
0.004272
0.004333
0.004333
0.004333
0.004333
0.004333
0.004395
0.004395
0.004395
0.004395
0.004395
0.004395
0.004456
0.004456
0.004456
0.004456
0.004456
0.004517
0.004517
0.004517
0.004517
0.004517
0.004517
0.004578
0.004578
0.004578
0.004578
0.004578
0.004639
0.004639
0.004639
0.004639
0.004639
0.004700
0.004700
0.004700
0.004700
0.004700
0.004700
0.004761
0.004761
0.004761
0.004761
0.004761
0.004822
0.004822
0.004822
0.004822
0.004822
0.004883
0.004883
0.004883
0.004883
0.004883
0.004883
0.004944
0.004944
0.004944
0.004944
0.004944
0.005005
0.005005
0.005005
0.005005
0.005005
0.005005
0.005066
0.005066
0.005066
0.005066
0.005066
0.005127
0.005127
0.005127
0.005127
0.005127
0.005188
0.005188
0.005188
0.005188
0.005188
0.005188
0.005249
0.005249
0.005249
0.005249
0.005249
0.005310
0.005310
0.005310
0.005310
0.005310
0.005310
0.005371
0.005371
0.005371
0.005371
0.005371
0.005432
0.005432
0.005432
0.005432
0.005432
0.005493
0.005493
0.005493
0.005493
0.005493
0.005493
0.005554
0.005554
0.005554
0.005554
0.005554
0.005615
0.005615
0.005615
0.005615
0.005615
0.005676
0.005676
0.005676
0.005676
0.005676
0.005676
0.005737
0.005737
0.005737
0.005737
0.005737
0.005798
0.005798
0.005798
0.005798
0.005798
0.005798
0.005859
0.005859
0.005859
0.005859
0.005859
0.005920
0.005920
0.005920
0.005920
0.005920
0.005981
0.005981
0.005981
0.005981
0.005981
0.005981
0.006042
0.006042
0.006042
0.006042
0.006042
0.006104
0.006104
0.006104
0.006104
0.006104
0.006104
0.006165
0.006165
0.006165
0.006165
0.006165
0.006226
0.006226
0.006226
0.006226
0.006226
0.006287
0.006287
0.006287
0.006287
0.006287
0.006287
0.006348
0.006348
0.006348
0.006348
0.006348
0.006409
0.006409
0.006409
0.006409
0.006409
0.006470
0.006470
0.006470
0.006470
0.006470
0.006470
0.006531
0.006531
0.006531
0.006531
0.006531
0.006592
0.006592
0.006592
0.006592
0.006592
0.006592
0.006653
0.006653
0.006653
0.006653
0.006653
0.006714
0.006714
0.006714
0.006714
0.006714
0.006775
0.006775
0.006775
0.006775
0.006775
0.006775
0.006836
0.006836
0.006836
0.006836
0.006836
0.006897
0.006897
0.006897
0.006897
0.006897
0.006897
0.006958
0.006958
0.006958
0.006958
0.006958
0.007019
0.007019
0.007019
0.007019
0.007019
0.007080
0.007080
0.007080
0.007080
0.007080
0.007080
0.007141
0.007141
0.007141
0.007141
0.007141
0.007202
0.007202
0.007202
0.007202
0.007202
0.007263
0.007263
0.007263
0.007263
0.007263
0.007263
0.007324
0.007324
0.007324
0.007324
0.007324
0.007385
0.007385
0.007385
0.007385
0.007385
0.007385
0.007446
0.007446
0.007446
0.007446
0.007446
0.007507
0.007507
0.007507
0.007507
0.007507
0.007568
0.007568
0.007568
0.007568
0.007568
0.007568
0.007629
0.007629
0.007629
0.007629
0.007629
0.007690
0.007690
0.007690
0.007690
0.007690
0.007751
0.007751
0.007751
0.007751
0.007751
0.007751
0.007813
0.007813
0.007813
0.007813
0.007813
0.007874
0.007874
0.007874
0.007874
0.007874
0.007874
0.007935
0.007935
0.007935
0.007935
0.007935
0.007996
0.007996
0.007996
0.007996
0.007996
0.008057
0.008057
0.008057
0.008057
0.008057
0.008057
0.008118
0.008118
0.008118
0.008118
0.008118
0.008179
0.008179
0.008179
0.008179
0.008179
0.008179
0.008240
0.008240
0.008240
0.008240
0.008240
0.008301
0.008301
0.008301
0.008301
0.008301
0.008362
0.008362
0.008362
0.008362
0.008362
0.008362
0.008423
0.008423
0.008423
0.008423
0.008423
0.008484
0.008484
0.008484
0.008484
0.008484
0.008545
0.008545
0.008545
0.008545
0.008545
0.008545
0.008606
0.008606
0.008606
0.008606
0.008606
0.008667
0.008667
0.008667
0.008667
0.008667
0.008667
0.008728
0.008728
0.008728
0.008728
0.008728
0.008789
0.008789
0.008789
0.008789
0.008789
0.008850
0.008850
0.008850
0.008850
0.008850
0.008850
0.008911
0.008911
0.008911
0.008911
0.008911
0.008972
0.008972
0.008972
0.008972
0.008972
0.008972
0.009033
0.009033
0.009033
0.009033
0.009033
0.009094
0.009094
0.009094
0.009094
0.009094
0.009155
0.009155
0.009155
0.009155
0.009155
0.009155
0.009216
0.009216
0.009216
0.009216
0.009216
0.009277
0.009277
0.009277
0.009277
0.009277
0.009338
0.009338
0.009338
0.009338
0.009338
0.009338
0.009399
0.009399
0.009399
0.009399
0.009399
0.009460
0.009460
0.009460
0.009460
0.009460
0.009460
0.009521
0.009521
0.009521
0.009521
0.009521
0.009583
0.009583
0.009583
0.009583
0.009583
0.009644
0.009644
0.009644
0.009644
0.009644
0.009644
0.009705
0.009705
0.009705
0.009705
0.009705
0.009766
0.009766
0.009766
0.009766
0.009766
0.009766
0.009827
0.009827
0.009827
0.009827
0.009827
0.009888
0.009888
0.009888
0.009888
0.009888
0.009949
0.009949
0.009949
0.009949
0.009949
0.009949
0.010010
0.010010
0.010010
0.010010
0.010010
0.010071
0.010071
0.010071
0.010071
0.010071
0.010132
0.010132
0.010132
0.010132
0.010132
0.010132
0.010193
0.010193
0.010193
0.010193
0.010193
0.010254
0.010254
0.010254
0.010254
0.010254
0.010254
0.010315
0.010315
0.010315
0.010315
0.010315
0.010376
0.010376
0.010376
0.010376
0.010376
0.010437
0.010437
0.010437
0.010437
0.010437
0.010437
0.010498
0.010498
0.010498
0.010498
0.010498
0.010559
0.010559
0.010559
0.010559
0.010559
0.010559
0.010620
0.010620
0.010620
0.010620
0.010620
0.010681
0.010681
0.010681
0.010681
0.010681
0.010742
0.010742
0.010742
0.010742
0.010742
0.010742
0.010803
0.010803
0.010803
0.010803
0.010803
0.010864
0.010864
0.010864
0.010864
0.010864
0.010925
0.010925
0.010925
0.010925
0.010925
0.010925
0.010986
0.010986
0.010986
0.010986
0.010986
0.011047
0.011047
0.011047
0.011047
0.011047
0.011047
0.011108
0.011108
0.011108
0.011108
0.011108
0.011169
0.011169
0.011169
0.011169
0.011169
0.011230
0.011230
0.011230
0.011230
0.011230
0.011230
0.011292
0.011292
0.011292
0.011292
0.011292
0.011353
