0000000000000000000000000
0000000000000000000011000
0000000000000000000110000
0000000000000000001000111
0000000000000000001011111
0000000000000000001110111
0000000000000000010001111
0000000000000000010100110
0000000000000000010111110
0000000000000000011010110
0000000000000000011101110
0000000000000000100000110
0000000000000000100011101
0000000000000000100110101
0000000000000000101001101
0000000000000000101100101
0000000000000000101111100
0000000000000000110010100
0000000000000000110101100
0000000000000000111000100
0000000000000000111011100
0000000000000000111110011
0000000000000001000001011
0000000000000001000100011
0000000000000001000111011
0000000000000001001010010
0000000000000001001101010
0000000000000001010000010
0000000000000001010011010
0000000000000001010110010
0000000000000001011001001
0000000000000001011100001
0000000000000001011111001
0000000000000001100010001
0000000000000001100101000
0000000000000001101000000
0000000000000001101011000
0000000000000001101110000
0000000000000001110001000
0000000000000001110011111
0000000000000001110110111
0000000000000001111001111
0000000000000001111100111
0000000000000001111111110
0000000000000010000010110
0000000000000010000101110
0000000000000010001000110
0000000000000010001011110
0000000000000010001110101
0000000000000010010001101
0000000000000010010100101
0000000000000010010111101
0000000000000010011010100
0000000000000010011101100
0000000000000010100000100
0000000000000010100011100
0000000000000010100110100
0000000000000010101001011
0000000000000010101100011
0000000000000010101111011
0000000000000010110010011
0000000000000010110101010
0000000000000010111000010
0000000000000010111011010
0000000000000010111110010
0000000000000011000001010
0000000000000011000100001
0000000000000011000111001
0000000000000011001010001
0000000000000011001101001
0000000000000011010000000
0000000000000011010011000
0000000000000011010110000
0000000000000011011001000
0000000000000011011100000
0000000000000011011110111
0000000000000011100001111
0000000000000011100100111
0000000000000011100111111
0000000000000011101010110
0000000000000011101101110
0000000000000011110000110
0000000000000011110011110
0000000000000011110110110
0000000000000011111001101
0000000000000011111100101
0000000000000011111111101
0000000000000100000010101
0000000000000100000101100
0000000000000100001000100
0000000000000100001011100
0000000000000100001110100
0000000000000100010001100
0000000000000100010100011
0000000000000100010111011
0000000000000100011010011
0000000000000100011101011
0000000000000100100000010
0000000000000100100011010
0000000000000100100110010
0000000000000100101001010
0000000000000100101100010
0000000000000100101111001
0000000000000100110010001
0000000000000100110101001
0000000000000100111000001
0000000000000100111011000
0000000000000100111110000
0000000000000101000001000
0000000000000101000100000
0000000000000101000110111
0000000000000101001001111
0000000000000101001100111
0000000000000101001111111
0000000000000101010010111
0000000000000101010101110
0000000000000101011000110
0000000000000101011011110
0000000000000101011110110
0000000000000101100001101
0000000000000101100100101
0000000000000101100111101
0000000000000101101010101
0000000000000101101101101
0000000000000101110000100
0000000000000101110011100
0000000000000101110110100
0000000000000101111001100
0000000000000101111100011
0000000000000101111111011
0000000000000110000010011
0000000000000110000101011
0000000000000110001000011
0000000000000110001011010
0000000000000110001110010
0000000000000110010001010
0000000000000110010100010
0000000000000110010111001
0000000000000110011010001
0000000000000110011101001
0000000000000110100000001
0000000000000110100011001
0000000000000110100110000
0000000000000110101001000
0000000000000110101100000
0000000000000110101111000
0000000000000110110001111
0000000000000110110100111
0000000000000110110111111
0000000000000110111010111
0000000000000110111101111
0000000000000111000000110
0000000000000111000011110
0000000000000111000110110
0000000000000111001001110
0000000000000111001100101
0000000000000111001111101
0000000000000111010010101
0000000000000111010101101
0000000000000111011000101
0000000000000111011011100
0000000000000111011110100
0000000000000111100001100
0000000000000111100100100
0000000000000111100111011
0000000000000111101010011
0000000000000111101101011
0000000000000111110000011
0000000000000111110011011
0000000000000111110110010
0000000000000111111001010
0000000000000111111100010
0000000000000111111111010
0000000000001000000010001
0000000000001000000101001
0000000000001000001000001
0000000000001000001011001
0000000000001000001110001
0000000000001000010001000
0000000000001000010100000
0000000000001000010111000
0000000000001000011010000
0000000000001000011100111
0000000000001000011111111
0000000000001000100010111
0000000000001000100101111
0000000000001000101000111
0000000000001000101011110
0000000000001000101110110
0000000000001000110001110
0000000000001000110100110
0000000000001000110111101
0000000000001000111010101
0000000000001000111101101
0000000000001001000000101
0000000000001001000011101
0000000000001001000110100
0000000000001001001001100
0000000000001001001100100
0000000000001001001111100
0000000000001001010010011
0000000000001001010101011
0000000000001001011000011
0000000000001001011011011
0000000000001001011110011
0000000000001001100001010
0000000000001001100100010
0000000000001001100111010
0000000000001001101010010
0000000000001001101101001
0000000000001001110000001
0000000000001001110011001
0000000000001001110110001
0000000000001001111001001
0000000000001001111100000
0000000000001001111111000
0000000000001010000010000
0000000000001010000101000
0000000000001010000111111
0000000000001010001010111
0000000000001010001101111
0000000000001010010000111
0000000000001010010011111
0000000000001010010110110
0000000000001010011001110
0000000000001010011100110
0000000000001010011111110
0000000000001010100010101
0000000000001010100101101
0000000000001010101000101
0000000000001010101011101
0000000000001010101110101
0000000000001010110001100
0000000000001010110100100
0000000000001010110111100
0000000000001010111010100
0000000000001010111101011
0000000000001011000000011
0000000000001011000011011
0000000000001011000110011
0000000000001011001001011
0000000000001011001100010
0000000000001011001111010
0000000000001011010010010
0000000000001011010101010
0000000000001011011000001
0000000000001011011011001
0000000000001011011110001
0000000000001011100001001
0000000000001011100100001
0000000000001011100111000
0000000000001011101010000
0000000000001011101101000
0000000000001011110000000
0000000000001011110010111
0000000000001011110101111
0000000000001011111000111
0000000000001011111011111
0000000000001011111110111
0000000000001100000001110
0000000000001100000100110
0000000000001100000111110
0000000000001100001010110
0000000000001100001101101
0000000000001100010000101
0000000000001100010011101
0000000000001100010110101
0000000000001100011001101
0000000000001100011100100
0000000000001100011111100
0000000000001100100010100
0000000000001100100101100
0000000000001100101000011
0000000000001100101011011
0000000000001100101110011
0000000000001100110001011
0000000000001100110100011
0000000000001100110111010
0000000000001100111010010
0000000000001100111101010
0000000000001101000000010
0000000000001101000011001
0000000000001101000110001
0000000000001101001001001
0000000000001101001100001
0000000000001101001111001
0000000000001101010010000
0000000000001101010101000
0000000000001101011000000
0000000000001101011011000
0000000000001101011101111
0000000000001101100000111
0000000000001101100011111
0000000000001101100110111
0000000000001101101001111
0000000000001101101100110
0000000000001101101111110
0000000000001101110010110
0000000000001101110101110
0000000000001101111000101
0000000000001101111011101
0000000000001101111110101
0000000000001110000001101
0000000000001110000100101
0000000000001110000111100
0000000000001110001010100
0000000000001110001101100
0000000000001110010000100
0000000000001110010011011
0000000000001110010110011
0000000000001110011001011
0000000000001110011100011
0000000000001110011111010
0000000000001110100010010
0000000000001110100101010
0000000000001110101000010
0000000000001110101011010
0000000000001110101110001
0000000000001110110001001
0000000000001110110100001
0000000000001110110111001
0000000000001110111010000
0000000000001110111101000
0000000000001111000000000
0000000000001111000011000
0000000000001111000110000
0000000000001111001000111
0000000000001111001011111
0000000000001111001110111
0000000000001111010001111
0000000000001111010100110
0000000000001111010111110
0000000000001111011010110
0000000000001111011101110
0000000000001111100000110
0000000000001111100011101
0000000000001111100110101
0000000000001111101001101
0000000000001111101100101
0000000000001111101111100
0000000000001111110010100
0000000000001111110101100
0000000000001111111000100
0000000000001111111011100
0000000000001111111110011
0000000000010000000001011
0000000000010000000100011
0000000000010000000111011
0000000000010000001010010
0000000000010000001101010
0000000000010000010000010
0000000000010000010011010
0000000000010000010110010
0000000000010000011001001
0000000000010000011100001
0000000000010000011111001
0000000000010000100010001
0000000000010000100101000
0000000000010000101000000
0000000000010000101011000
0000000000010000101110000
0000000000010000110001000
0000000000010000110011111
0000000000010000110110111
0000000000010000111001111
0000000000010000111100111
0000000000010000111111110
0000000000010001000010110
0000000000010001000101110
0000000000010001001000110
0000000000010001001011110
0000000000010001001110101
0000000000010001010001101
0000000000010001010100101
0000000000010001010111101
0000000000010001011010100
0000000000010001011101100
0000000000010001100000100
0000000000010001100011100
0000000000010001100110100
0000000000010001101001011
0000000000010001101100011
0000000000010001101111011
0000000000010001110010011
0000000000010001110101010
0000000000010001111000010
0000000000010001111011010
0000000000010001111110010
0000000000010010000001010
0000000000010010000100001
0000000000010010000111001
0000000000010010001010001
0000000000010010001101001
0000000000010010010000000
0000000000010010010011000
0000000000010010010110000
0000000000010010011001000
0000000000010010011100000
0000000000010010011110111
0000000000010010100001111
0000000000010010100100111
0000000000010010100111111
0000000000010010101010110
0000000000010010101101110
0000000000010010110000110
0000000000010010110011110
0000000000010010110110110
0000000000010010111001101
0000000000010010111100101
0000000000010010111111101
0000000000010011000010101
0000000000010011000101100
0000000000010011001000100
0000000000010011001011100
0000000000010011001110100
0000000000010011010001100
0000000000010011010100011
0000000000010011010111011
0000000000010011011010011
0000000000010011011101011
0000000000010011100000010
0000000000010011100011010
0000000000010011100110010
0000000000010011101001010
0000000000010011101100010
0000000000010011101111001
0000000000010011110010001
0000000000010011110101001
0000000000010011111000001
0000000000010011111011000
0000000000010011111110000
0000000000010100000001000
0000000000010100000100000
0000000000010100000111000
0000000000010100001001111
0000000000010100001100111
0000000000010100001111111
0000000000010100010010111
0000000000010100010101110
0000000000010100011000110
0000000000010100011011110
0000000000010100011110110
0000000000010100100001110
0000000000010100100100101
0000000000010100100111101
0000000000010100101010101
0000000000010100101101101
0000000000010100110000100
0000000000010100110011100
0000000000010100110110100
0000000000010100111001100
0000000000010100111100100
0000000000010100111111011
0000000000010101000010011
0000000000010101000101011
0000000000010101001000011
0000000000010101001011010
0000000000010101001110010
0000000000010101010001010
0000000000010101010100010
0000000000010101010111010
0000000000010101011010001
0000000000010101011101001
0000000000010101100000001
0000000000010101100011001
0000000000010101100110000
0000000000010101101001000
0000000000010101101100000
0000000000010101101111000
0000000000010101110010000
0000000000010101110100111
0000000000010101110111111
0000000000010101111010111
0000000000010101111101111
0000000000010110000000110
0000000000010110000011110
0000000000010110000110110
0000000000010110001001110
0000000000010110001100110
0000000000010110001111101
0000000000010110010010101
0000000000010110010101101
0000000000010110011000101
0000000000010110011011100
0000000000010110011110100
0000000000010110100001100
0000000000010110100100100
0000000000010110100111100
0000000000010110101010011
0000000000010110101101011
0000000000010110110000011
0000000000010110110011011
0000000000010110110110010
0000000000010110111001010
0000000000010110111100010
0000000000010110111111010
0000000000010111000010010
0000000000010111000101001
0000000000010111001000001
0000000000010111001011001
0000000000010111001110001
0000000000010111010001000
0000000000010111010100000
0000000000010111010111000
0000000000010111011010000
0000000000010111011101000
0000000000010111011111111
0000000000010111100010111
0000000000010111100101111
0000000000010111101000111
0000000000010111101011110
0000000000010111101110110
0000000000010111110001110
0000000000010111110100110
0000000000010111110111101
0000000000010111111010101
0000000000010111111101101
0000000000011000000000101
0000000000011000000011101
0000000000011000000110100
0000000000011000001001100
0000000000011000001100100
0000000000011000001111100
0000000000011000010010011
0000000000011000010101011
0000000000011000011000011
0000000000011000011011011
0000000000011000011110011
0000000000011000100001010
0000000000011000100100010
0000000000011000100111010
0000000000011000101010010
0000000000011000101101001
0000000000011000110000001
0000000000011000110011001
0000000000011000110110001
0000000000011000111001001
0000000000011000111100000
0000000000011000111111000
0000000000011001000010000
0000000000011001000101000
0000000000011001000111111
0000000000011001001010111
0000000000011001001101111
0000000000011001010000111
0000000000011001010011111
0000000000011001010110110
0000000000011001011001110
0000000000011001011100110
0000000000011001011111110
0000000000011001100010101
0000000000011001100101101
0000000000011001101000101
0000000000011001101011101
0000000000011001101110101
0000000000011001110001100
0000000000011001110100100
0000000000011001110111100
0000000000011001111010100
0000000000011001111101011
0000000000011010000000011
0000000000011010000011011
0000000000011010000110011
0000000000011010001001011
0000000000011010001100010
0000000000011010001111010
0000000000011010010010010
0000000000011010010101010
0000000000011010011000001
0000000000011010011011001
0000000000011010011110001
0000000000011010100001001
0000000000011010100100001
0000000000011010100111000
0000000000011010101010000
0000000000011010101101000
0000000000011010110000000
0000000000011010110010111
0000000000011010110101111
0000000000011010111000111
0000000000011010111011111
0000000000011010111110111
0000000000011011000001110
0000000000011011000100110
0000000000011011000111110
0000000000011011001010110
0000000000011011001101101
0000000000011011010000101
0000000000011011010011101
0000000000011011010110101
0000000000011011011001101
0000000000011011011100100
0000000000011011011111100
0000000000011011100010100
0000000000011011100101100
0000000000011011101000011
0000000000011011101011011
0000000000011011101110011
0000000000011011110001011
0000000000011011110100011
0000000000011011110111010
0000000000011011111010010
0000000000011011111101010
0000000000011100000000010
0000000000011100000011001
0000000000011100000110001
0000000000011100001001001
0000000000011100001100001
0000000000011100001111001
0000000000011100010010000
0000000000011100010101000
0000000000011100011000000
0000000000011100011011000
0000000000011100011101111
0000000000011100100000111
0000000000011100100011111
0000000000011100100110111
0000000000011100101001111
0000000000011100101100110
0000000000011100101111110
0000000000011100110010110
0000000000011100110101110
0000000000011100111000101
0000000000011100111011101
0000000000011100111110101
0000000000011101000001101
0000000000011101000100101
0000000000011101000111100
0000000000011101001010100
0000000000011101001101100
0000000000011101010000100
0000000000011101010011011
0000000000011101010110011
0000000000011101011001011
0000000000011101011100011
0000000000011101011111011
0000000000011101100010010
0000000000011101100101010
0000000000011101101000010
0000000000011101101011010
0000000000011101101110001
0000000000011101110001001
0000000000011101110100001
0000000000011101110111001
0000000000011101111010001
0000000000011101111101000
0000000000011110000000000
0000000000011110000011000
0000000000011110000110000
0000000000011110001000111
0000000000011110001011111
0000000000011110001110111
0000000000011110010001111
0000000000011110010100111
0000000000011110010111110
0000000000011110011010110
0000000000011110011101110
0000000000011110100000110
0000000000011110100011101
0000000000011110100110101
0000000000011110101001101
0000000000011110101100101
0000000000011110101111101
0000000000011110110010100
0000000000011110110101100
0000000000011110111000100
0000000000011110111011100
0000000000011110111110011
0000000000011111000001011
0000000000011111000100011
0000000000011111000111011
0000000000011111001010011
0000000000011111001101010
0000000000011111010000010
0000000000011111010011010
0000000000011111010110010
0000000000011111011001001
0000000000011111011100001
0000000000011111011111001
0000000000011111100010001
0000000000011111100101001
0000000000011111101000000
0000000000011111101011000
0000000000011111101110000
0000000000011111110001000
0000000000011111110011111
0000000000011111110110111
0000000000011111111001111
0000000000011111111100111
0000000000011111111111111
0000000000100000000010110
0000000000100000000101110
0000000000100000001000110
0000000000100000001011110
0000000000100000001110101
0000000000100000010001101
0000000000100000010100101
0000000000100000010111101
0000000000100000011010101
0000000000100000011101100
0000000000100000100000100
0000000000100000100011100
0000000000100000100110100
0000000000100000101001011
0000000000100000101100011
0000000000100000101111011
0000000000100000110010011
0000000000100000110101011
0000000000100000111000010
0000000000100000111011010
0000000000100000111110010
0000000000100001000001010
0000000000100001000100001
0000000000100001000111001
0000000000100001001010001
0000000000100001001101001
0000000000100001010000000
0000000000100001010011000
0000000000100001010110000
0000000000100001011001000
0000000000100001011100000
0000000000100001011110111
0000000000100001100001111
0000000000100001100100111
0000000000100001100111111
0000000000100001101010110
0000000000100001101101110
0000000000100001110000110
0000000000100001110011110
0000000000100001110110110
0000000000100001111001101
0000000000100001111100101
0000000000100001111111101
0000000000100010000010101
0000000000100010000101100
0000000000100010001000100
0000000000100010001011100
0000000000100010001110100
0000000000100010010001100
0000000000100010010100011
0000000000100010010111011
0000000000100010011010011
0000000000100010011101011
0000000000100010100000010
0000000000100010100011010
0000000000100010100110010
0000000000100010101001010
0000000000100010101100010
0000000000100010101111001
0000000000100010110010001
0000000000100010110101001
0000000000100010111000001
0000000000100010111011000
0000000000100010111110000
0000000000100011000001000
0000000000100011000100000
0000000000100011000111000
0000000000100011001001111
0000000000100011001100111
0000000000100011001111111
0000000000100011010010111
0000000000100011010101110
0000000000100011011000110
0000000000100011011011110
0000000000100011011110110
0000000000100011100001110
0000000000100011100100101
0000000000100011100111101
0000000000100011101010101
0000000000100011101101101
0000000000100011110000100
0000000000100011110011100
0000000000100011110110100
0000000000100011111001100
0000000000100011111100100
0000000000100011111111011
0000000000100100000010011
0000000000100100000101011
0000000000100100001000011
0000000000100100001011010
0000000000100100001110010
0000000000100100010001010
0000000000100100010100010
0000000000100100010111010
0000000000100100011010001
0000000000100100011101001
0000000000100100100000001
0000000000100100100011001
0000000000100100100110000
0000000000100100101001000
0000000000100100101100000
0000000000100100101111000
0000000000100100110010000
0000000000100100110100111
0000000000100100110111111
0000000000100100111010111
0000000000100100111101111
0000000000100101000000110
0000000000100101000011110
0000000000100101000110110
0000000000100101001001110
0000000000100101001100110
0000000000100101001111101
0000000000100101010010101
0000000000100101010101101
0000000000100101011000101
0000000000100101011011100
0000000000100101011110100
0000000000100101100001100
0000000000100101100100100
0000000000100101100111100
0000000000100101101010011
0000000000100101101101011
0000000000100101110000011
0000000000100101110011011
0000000000100101110110010
0000000000100101111001010
0000000000100101111100010
0000000000100101111111010
0000000000100110000010010
0000000000100110000101001
0000000000100110001000001
0000000000100110001011001
0000000000100110001110001
0000000000100110010001000
0000000000100110010100000
0000000000100110010111000
0000000000100110011010000
0000000000100110011101000
0000000000100110011111111
0000000000100110100010111
0000000000100110100101111
0000000000100110101000111
0000000000100110101011110
0000000000100110101110110
0000000000100110110001110
0000000000100110110100110
0000000000100110110111110
0000000000100110111010101
0000000000100110111101101
0000000000100111000000101
0000000000100111000011101
0000000000100111000110100
0000000000100111001001100
0000000000100111001100100
0000000000100111001111100
0000000000100111010010100
0000000000100111010101011
0000000000100111011000011
0000000000100111011011011
0000000000100111011110011
0000000000100111100001010
0000000000100111100100010
0000000000100111100111010
0000000000100111101010010
0000000000100111101101010
0000000000100111110000001
0000000000100111110011001
0000000000100111110110001
0000000000100111111001001
0000000000100111111100000
0000000000100111111111000
0000000000101000000010000
0000000000101000000101000
0000000000101000001000000
0000000000101000001010111
0000000000101000001101111
0000000000101000010000111
0000000000101000010011111
0000000000101000010110110
0000000000101000011001110
0000000000101000011100110
0000000000101000011111110
0000000000101000100010110
0000000000101000100101101
0000000000101000101000101
0000000000101000101011101
0000000000101000101110101
0000000000101000110001100
0000000000101000110100100
0000000000101000110111100
0000000000101000111010100
0000000000101000111101100
0000000000101001000000011
0000000000101001000011011
0000000000101001000110011
0000000000101001001001011
0000000000101001001100010
0000000000101001001111010
0000000000101001010010010
0000000000101001010101010
0000000000101001011000010
0000000000101001011011001
0000000000101001011110001
0000000000101001100001001
0000000000101001100100001
0000000000101001100111000
0000000000101001101010000
0000000000101001101101000
0000000000101001110000000
0000000000101001110011000
0000000000101001110101111
0000000000101001111000111
0000000000101001111011111
0000000000101001111110111
0000000000101010000001110
0000000000101010000100110
0000000000101010000111110
0000000000101010001010110
0000000000101010001101110
0000000000101010010000101
0000000000101010010011101
0000000000101010010110101
0000000000101010011001101
0000000000101010011100100
0000000000101010011111100
0000000000101010100010100
0000000000101010100101100
0000000000101010101000100
0000000000101010101011011
0000000000101010101110011
0000000000101010110001011
0000000000101010110100011
0000000000101010110111010
0000000000101010111010010
0000000000101010111101010
0000000000101011000000010
0000000000101011000011001
0000000000101011000110001
0000000000101011001001001
0000000000101011001100001
0000000000101011001111001
0000000000101011010010000
0000000000101011010101000
0000000000101011011000000
0000000000101011011011000
0000000000101011011101111
0000000000101011100000111
0000000000101011100011111
0000000000101011100110111
0000000000101011101001111
0000000000101011101100110
0000000000101011101111110
0000000000101011110010110
0000000000101011110101110
0000000000101011111000101
0000000000101011111011101
0000000000101011111110101
0000000000101100000001101
0000000000101100000100101
0000000000101100000111100
0000000000101100001010100
0000000000101100001101100
0000000000101100010000100
0000000000101100010011011
0000000000101100010110011
0000000000101100011001011
0000000000101100011100011
0000000000101100011111011
0000000000101100100010010
0000000000101100100101010
0000000000101100101000010
0000000000101100101011010
0000000000101100101110001
0000000000101100110001001
0000000000101100110100001
0000000000101100110111001
0000000000101100111010001
0000000000101100111101000
0000000000101101000000000
0000000000101101000011000
0000000000101101000110000
0000000000101101001000111
0000000000101101001011111
0000000000101101001110111
0000000000101101010001111
0000000000101101010100111
0000000000101101010111110
0000000000101101011010110
0000000000101101011101110
0000000000101101100000110
0000000000101101100011101
0000000000101101100110101
0000000000101101101001101
0000000000101101101100101
0000000000101101101111101
0000000000101101110010100
0000000000101101110101100
0000000000101101111000100
0000000000101101111011100
0000000000101101111110011
0000000000101110000001011
0000000000101110000100011
0000000000101110000111011
0000000000101110001010011
0000000000101110001101010
0000000000101110010000010
0000000000101110010011010
0000000000101110010110010
0000000000101110011001001
