1101100000000000000000000 
1111111111111111111111111 
1101100011001100110011001 
1101100100110011001100110 
1101100110110011101110001 
1111111111111111111111111 
1101101001100110011001101 
1101101011001100110011110 
1101101101001101010100100 
1111111111111111111111111 
1101110000000000000000000 
1101110001100110011010010 
1101110011100110111010111 
1111111111111111111111111 
1101110110011001100110011 
1101111000000000000000101 
1101111010000000100001011 
1111111111111111111111111 
1101111100110011001100110 
1101111110011001100111000 
1110000000011010000111110 
1111111111111111111111111 
1110000011001100110011001 
1110000100110011001101011 
1110000110110011101110001 
1111111111111111111111111 
1110001001100110011001101 
1110001011001100110011110 
1110001101001101010100100 
1111111111111111111111111 
1110010000000000000000000 
1110010001100110011010010 
1110010011100110111010111 
1111111111111111111111111 
1110010110011001100110011 
1110011000000000000000101 
1110011010000000100001011 
1111111111111111111111111 
1110011100110011001100110 
1110011110011001100111000 
1110100000011010000111110 
1111111111111111111111111 
1110100011001100110011001 
1110100100110011001101011 
1110100110110011101110001 
1111111111111111111111111 
1110101001100110011001101 
1110101011001100110011110 
1110101101001101010100100 
1111111111111111111111111 
1110110000000000000000000 
1110110001100110011010010 
1110110011100110111010111 
1111111111111111111111111 
1110110110011001100110011 
1110111000000000000000101 
1110111010000000100001011 
1111111111111111111111111 
1110111100110011001100110 
1110111110011001100111000 
1111000000011010000111110 
1111111111111111111111111 
1111000011001100110011001 
1111000100110011001101011 
1111000110110011101110001 
1111111111111111111111111 
1111001001100110011001101 
1111001011001100110011110 
1111001101001101010100100 
1111111111111111111111111 
1111010000000000000000000 
1111010001100110011010010 
1111010011100110111010111 
1111111111111111111111111 
1111010110011001100110011 
1111011000000000000000101 
1111011010000000100001011 
1111111111111111111111111 
1111011100110011001100110 
1111011110011001100111000 
1111100000011010000111110 
1111111111111111111111111 
1111100011001100110011001 
1111100100110011001101011 
1111100110110011101110001 
1111111111111111111111111 
1111101001100110011001101 
1111101011001100110011110 
1111101101001101010100100 
1111111111111111111111111 
1111110000000000000000000 
1111110001100110011010010 
1111110011100110111010111 
1111111111111111111111111 
1111110110011001100110011 
1111111000000000000000101 
1111111010000000100001011 
1111111111111111111111111 
1111111100110011001100110 
1111111110011001100111000 
0000000000011010000111110 
0000000001100110011001101 
0000000011001100110011001 
0000000100110011001101011 
0000000110011001100110011 
0000001000000000000000000 
0000001001100110011001101 
0000001011001100110011001 
0000001100110011001100110 
0000001110011001100110011 
0000010000000000000000000 
0000010001100110011001101 
0000010011001100110011001 
0000010100110011001100110 
0000010110011001100110011 
0000011000000000000000000 
0000011001100110011001101 
0000011011001100110011001 
0000011100110011001100110 
0000011110011001100110011 
0000100000000000000000000 
0000100001100110011001101 
0000100011001100110011001 
0000100100110011001100110 
0000100110011001100110011 
0000101000000000000000000 
0000101001100110011001101 
0000101011001100110011001 
0000101100110011001100110 
0000101110011001100110011 
0000110000000000000000000 
0000110001100110011001101 
0000110011001100110011001 
0000110100110011001100110 
0000110110011001100110011 
0000111000000000000000000 
0000111001100110011001101 
0000111011001100110011001 
0000111100110011001100110 
0000111110011001100110011 
0001000000000000000000000 
0001000001100110011001101 
0001000011001100110011001 
0001000100110011001100110 
0001000110011001100110011 
0001001000000000000000000 
0001001001100110011001101 
0001001011001100110011001 
0001001100110011001100110 
0001001110011001100110011 
0001010000000000000000000 
0001010001100110011001101 
0001010011001100110011001 
0001010100110011001100110 
0001010110011001100110011 
0001011000000000000000000 
0001011001100110011001101 
0001011011001100110011001 
0001011100110011001100110 
0001011110011001100110011 
0001100000000000000000000 
0001100001100110011001101 
0001100011001100110011001 
0001100100110011001100110 
0001100110011001100110011 
0001101000000000000000000 
0001101001100110011001101 
0001101011001100110011001 
0001101100110011001100110 
0001101110011001100110011 
0001110000000000000000000 
0001110001100110011001101 
0001110011001100110011001 
0001110100110011001100110 
0001110110011001100110011 
0001111000000000000000000 
0001111001100110011001101 
0001111011001100110011001 
0001111100110011001100110 
0001111110011001100110011 
0010000000000000000000000 
0010000001100110011001101 
0010000011001100110011001 
0010000100110011001100110 
0010000110011001100110011 
0010001000000000000000000 
0010001001100110011001101 
0010001011001100110011001 
0010001100110011001100110 
0010001110011001100110011 
0010010000000000000000000 
0010010001100110011001101 
0010010011001100110011001 
0010010100110011001100110 
0010010110011001100110011 
0010011000000000000000000 
0010011001100110011001101 
0010011011001100110011001 
0010011100110011001100110 
0010011110011001100110011 
