0
4.272461e-04
8.544922e-04
1.403809e-03
1.892090e-03
2.380371e-03
2.868652e-03
3.417969e-03
3.906250e-03
4.333496e-03
4.821777e-03
5.371094e-03
5.798340e-03
6.286621e-03
6.774902e-03
7.263184e-03
7.751465e-03
8.178711e-03
8.666992e-03
9.155273e-03
9.582520e-03
1.007080e-02
1.049805e-02
1.098633e-02
1.147461e-02
1.190186e-02
1.232910e-02
1.281738e-02
1.324463e-02
1.373291e-02
1.416016e-02
1.464844e-02
1.507568e-02
1.550293e-02
1.593018e-02
1.641846e-02
1.684570e-02
1.721191e-02
1.763916e-02
1.812744e-02
1.855469e-02
1.898193e-02
1.934814e-02
1.983643e-02
2.026367e-02
2.069092e-02
2.105713e-02
2.154541e-02
2.191162e-02
2.233887e-02
2.270508e-02
2.319336e-02
2.355957e-02
2.398682e-02
2.435303e-02
2.484131e-02
2.520752e-02
2.557373e-02
2.600098e-02
2.642822e-02
2.679443e-02
2.716064e-02
2.758789e-02
2.801514e-02
2.838135e-02
2.874756e-02
2.911377e-02
2.954102e-02
2.990723e-02
3.021240e-02
3.057861e-02
3.100586e-02
3.137207e-02
3.173828e-02
3.210449e-02
3.253174e-02
3.289795e-02
3.326416e-02
3.356934e-02
3.399658e-02
3.436279e-02
3.472900e-02
3.503418e-02
3.546143e-02
3.582764e-02
3.613281e-02
3.649902e-02
3.686523e-02
3.723145e-02
3.759766e-02
3.790283e-02
3.833008e-02
3.863525e-02
3.894043e-02
3.930664e-02
3.967285e-02
4.003906e-02
4.034424e-02
4.064941e-02
4.107666e-02
4.138184e-02
4.168701e-02
4.199219e-02
4.241943e-02
4.272461e-02
4.302979e-02
4.333496e-02
4.370117e-02
4.400635e-02
4.431152e-02
4.467773e-02
4.498291e-02
4.534912e-02
4.565430e-02
4.595947e-02
4.626465e-02
4.656982e-02
4.687500e-02
4.718018e-02
4.748535e-02
4.785156e-02
4.815674e-02
4.846191e-02
4.870605e-02
4.907227e-02
4.937744e-02
4.968262e-02
4.992676e-02
5.029297e-02
5.059814e-02
5.084229e-02
5.114746e-02
5.151367e-02
5.175781e-02
5.206299e-02
5.230713e-02
5.267334e-02
5.291748e-02
5.322266e-02
5.346680e-02
5.383301e-02
5.407715e-02
5.438232e-02
5.462646e-02
5.499268e-02
5.523682e-02
5.548096e-02
5.578613e-02
5.609131e-02
5.633545e-02
5.657959e-02
5.688477e-02
5.718994e-02
5.743408e-02
5.767822e-02
5.798340e-02
5.828857e-02
5.853271e-02
5.877686e-02
5.902100e-02
5.932617e-02
5.957031e-02
5.981445e-02
6.005859e-02
6.036377e-02
6.054688e-02
6.079102e-02
6.103516e-02
6.134033e-02
6.158447e-02
6.182861e-02
6.207275e-02
6.237793e-02
6.262207e-02
6.286621e-02
6.311035e-02
6.335449e-02
6.359863e-02
6.384277e-02
6.408691e-02
6.439209e-02
6.457520e-02
6.481934e-02
6.506348e-02
6.530762e-02
6.555176e-02
6.579590e-02
6.597900e-02
6.628418e-02
6.652832e-02
6.671143e-02
6.695557e-02
6.719971e-02
6.744385e-02
6.762695e-02
6.787109e-02
6.817627e-02
6.835938e-02
6.854248e-02
6.878662e-02
6.903076e-02
6.927490e-02
6.945801e-02
6.970215e-02
6.994629e-02
7.012939e-02
7.037354e-02
7.055664e-02
7.080078e-02
7.104492e-02
7.122803e-02
7.141113e-02
7.171631e-02
7.189941e-02
7.208252e-02
7.226563e-02
7.257080e-02
7.275391e-02
7.293701e-02
7.312012e-02
7.336426e-02
7.354736e-02
7.379150e-02
7.397461e-02
7.415771e-02
7.440186e-02
7.458496e-02
7.476807e-02
7.495117e-02
7.519531e-02
7.537842e-02
7.556152e-02
7.574463e-02
7.598877e-02
7.617188e-02
7.635498e-02
7.653809e-02
7.678223e-02
7.696533e-02
7.714844e-02
7.733154e-02
7.757568e-02
7.769775e-02
7.788086e-02
7.806396e-02
7.830811e-02
7.849121e-02
7.867432e-02
-2.911438e+00
-8.430786e+00
0
0
0
0
0
0
0
0
0
0
0
0
0
0
0
0
0
0
0
0
0
0
0
0
0
0
0
0
0
0
0
0
0
0
0
0
0
0
0
0
0
0
0
0
0
0
0
0
0
0
0
0
0
0
0
0
0
0
0
0
0
0
0
0
0
0
0
0
0
0
0
0
0
0
0
0
0
0
0
0
0
0
0
0
0
0
0
0
0
0
0
0
0
0
0
0
0
0
0
0
0
0
0
0
0
0
0
0
0
0
0
0
0
0
0
0
0
0
0
0
0
0
0
0
0
0
0
0
0
0
0
0
0
0
0
0
0
0
0
0
0
0
0
0
0
0
0
0
0
0
0
0
0
0
0
0
0
0
0
0
0
0
0
0
0
0
0
0
0
0
0
0
0
0
0
0
0
0
0
0
0
0
0
0
0
0
0
0
0
0
0
0
0
0
0
0
0
0
0
0
0
0
0
0
0
0
0
0
0
0
0
0
0
0
0
0
0
0
0
0
0
0
0
0
0
0
0
0
0
0
0
0
0
0
0
0
0
0
0
0
0
0
0
0
0
0
0
0
0
0
0
0
0
0
0
0
0
0
0
0
0
0
0
0
0
0
0
0
0
0
0
0
0
0
0
0
0
0
0
0
0
0
0
0
0
0
0
0
0
0
0
0
0
0
0
0
0
0
0
0
0
0
0
0
0
0
0
0
0
0
0
0
0
0
0
0
0
0
0
0
0
0
0
0
0
0
0
0
0
0
0
0
0
0
0
0
0
0
0
0
0
0
0
0
0
0
0
0
0
0
0
0
0
0
0
0
0
0
0
0
0
0
0
0
0
0
0
0
0
0
0
0
0
0
0
0
0
0
0
0
0
0
0
0
0
0
0
0
0
0
0
0
0
0
0
0
0
0
0
0
0
0
0
0
0
0
0
0
0
0
0
0
0
0
0
0
0
0
0
0
0
0
0
0
0
0
0
0
0
0
0
0
0
0
0
0
0
0
0
0
0
0
0
0
0
0
0
0
0
0
0
0
0
0
0
0
0
0
0
0
0
0
0
0
0
0
0
0
0
0
0
0
0
0
0
0
0
0
0
0
0
0
0
0
0
0
0
0
0
0
0
0
0
0
0
0
0
0
0
0
0
0
0
0
0
0
0
0
0
0
0
0
0
0
0
0
0
0
0
0
0
0
0
0
0
0
0
0
0
0
0
0
0
0
0
0
0
0
0
0
0
0
0
0
0
0
0
0
0
0
0
0
0
0
0
0
0
0
0
0
0
0
0
0
0
0
0
0
0
0
0
0
0
0
0
0
0
0
0
0
0
0
0
0
0
0
0
0
0
0
0
0
0
0
0
0
0
0
0
0
0
0
0
0
0
0
0
0
0
0
0
0
0
0
0
0
0
0
0
0
0
0
0
0
0
0
0
0
0
0
0
0
0
0
0
0
0
0
0
0
0
0
0
0
0
0
0
0
0
0
0
0
0
0
0
0
0
0
0
0
0
0
0
0
0
0
0
0
0
0
0
0
0
0
0
0
0
0
0
0
0
0
0
0
0
0
0
0
0
0
0
0
0
0
0
0
0
0
0
0
0
0
0
0
0
0
0
0
0
0
0
0
0
0
0
0
0
0
0
0
0
0
0
0
0
0
0
0
0
0
0
0
0
0
0
0
0
0
0
0
0
0
0
0
0
0
0
0
0
0
0